<!DOCTYPE html>
<html>
<head>
<meta charset="UTF-8">
<title>Insert title here</title>
<script type="text/javascript">
	// [문제1]
	// 1	2	3	4	5
	// 6	7	8	9	10
	// 11	12	13	14	15
	// 16	17	18	19	20
	// 21	22	23	24	25
	let su1 = 1;
	document.write("<table border='1' cellspacing='0' width='200'>");
	for (let i = 1; i <= 5; i++) {
		document.write("<tr>")
		for (let j = 1; j <= 5; j++) {
			document.write("<td align='right'>" + su1 + "</td>");
			su1++;
		}
		document.write("</tr>")
	}
	document.write("</table>")

	// [문제2]
	// 1	6	11	16	21
	// 2	7	12	17	22
	// 3	8	13	18	23
	// 4	9	14	19	24
	// 5	10	15	20	25

	document.write("<table border='1' cellspacing='0' width='200'>");
	let cnt = 0;
	for (let i = 1; i <= 5; i++) {
		document.write("<tr>")
		for (let j = 0; j < 5; j++) {
			document.write("<td align='right'>" + (j * 5 + 1 + cnt) + "</td>");
		}
		document.write("</tr>")
		cnt++;
	}
	document.write("</table>")
</script>
</head>
<body>

</body>
</html>